2.236000000000000210e-01 1.800000000000000000e+01
2.242999999999999994e-01 1.100000000000000000e+01
2.242999999999999994e-01 1.440000000000000000e+02
2.244000000000000161e-01 1.100000000000000000e+02
2.244000000000000161e-01 1.430000000000000000e+02
2.246000000000000218e-01 4.900000000000000000e+01
2.246000000000000218e-01 6.700000000000000000e+01
2.246000000000000218e-01 7.000000000000000000e+01
2.246000000000000218e-01 1.550000000000000000e+02
2.251000000000000223e-01 3.800000000000000000e+01
2.251000000000000223e-01 4.800000000000000000e+01
2.251000000000000223e-01 9.800000000000000000e+01
2.251000000000000223e-01 1.050000000000000000e+02
2.251000000000000223e-01 1.300000000000000000e+02
2.251000000000000223e-01 1.650000000000000000e+02
2.260000000000000064e-01 2.000000000000000000e+01
2.260000000000000064e-01 6.000000000000000000e+01
2.260000000000000064e-01 7.700000000000000000e+01
2.260000000000000064e-01 1.710000000000000000e+02
2.261000000000000232e-01 2.900000000000000000e+01
2.262000000000000122e-01 4.000000000000000000e+00
2.262000000000000122e-01 1.300000000000000000e+01
2.262000000000000122e-01 2.200000000000000000e+01
2.262000000000000122e-01 2.300000000000000000e+01
2.262000000000000122e-01 2.800000000000000000e+01
2.262000000000000122e-01 3.400000000000000000e+01
2.262000000000000122e-01 4.500000000000000000e+01
2.262000000000000122e-01 6.400000000000000000e+01
2.262000000000000122e-01 7.200000000000000000e+01
2.262000000000000122e-01 7.600000000000000000e+01
2.262000000000000122e-01 8.300000000000000000e+01
2.262000000000000122e-01 9.200000000000000000e+01
2.262000000000000122e-01 1.000000000000000000e+02
2.262000000000000122e-01 1.110000000000000000e+02
2.262000000000000122e-01 1.400000000000000000e+02
2.262000000000000122e-01 1.410000000000000000e+02
2.262000000000000122e-01 1.590000000000000000e+02
2.262000000000000122e-01 1.770000000000000000e+02
2.262000000000000122e-01 1.870000000000000000e+02
2.262000000000000122e-01 1.930000000000000000e+02
2.262000000000000122e-01 1.940000000000000000e+02
2.262000000000000122e-01 1.990000000000000000e+02
2.264000000000000179e-01 3.100000000000000000e+01
2.265000000000000069e-01 8.200000000000000000e+01
2.265000000000000069e-01 1.360000000000000000e+02
2.268000000000000016e-01 6.100000000000000000e+01
2.268000000000000016e-01 9.300000000000000000e+01
2.268000000000000016e-01 1.340000000000000000e+02
2.274000000000000188e-01 3.700000000000000000e+01
2.274000000000000188e-01 5.500000000000000000e+01
2.274000000000000188e-01 1.010000000000000000e+02
2.274000000000000188e-01 1.730000000000000000e+02
2.274000000000000188e-01 1.840000000000000000e+02
2.274000000000000188e-01 1.970000000000000000e+02
2.275000000000000078e-01 2.700000000000000000e+01
2.275000000000000078e-01 1.060000000000000000e+02
2.275000000000000078e-01 1.630000000000000000e+02
2.275000000000000078e-01 1.960000000000000000e+02
2.280999999999999972e-01 1.600000000000000000e+01
2.282000000000000139e-01 1.210000000000000000e+02
2.283000000000000029e-01 6.900000000000000000e+01
2.283000000000000029e-01 8.500000000000000000e+01
2.288000000000000034e-01 7.400000000000000000e+01
2.288000000000000034e-01 1.490000000000000000e+02
2.288000000000000034e-01 1.700000000000000000e+02
2.289000000000000201e-01 2.000000000000000000e+00
2.290000000000000091e-01 3.200000000000000000e+01
2.295000000000000095e-01 1.700000000000000000e+01
2.295000000000000095e-01 2.400000000000000000e+01
2.295000000000000095e-01 8.000000000000000000e+01
2.295000000000000095e-01 1.040000000000000000e+02
2.295000000000000095e-01 1.230000000000000000e+02
2.295000000000000095e-01 1.270000000000000000e+02
2.295000000000000095e-01 1.800000000000000000e+02
2.295000000000000095e-01 1.860000000000000000e+02
2.300999999999999990e-01 1.000000000000000000e+01
2.313000000000000056e-01 1.000000000000000000e+00
2.313000000000000056e-01 1.500000000000000000e+01
2.313000000000000056e-01 9.000000000000000000e+01
2.313000000000000056e-01 1.570000000000000000e+02
2.314000000000000223e-01 1.690000000000000000e+02
2.321000000000000008e-01 1.240000000000000000e+02
2.324000000000000232e-01 1.280000000000000000e+02
2.324000000000000232e-01 1.670000000000000000e+02
2.326000000000000012e-01 8.400000000000000000e+01
2.328000000000000069e-01 4.600000000000000000e+01
2.332000000000000184e-01 1.320000000000000000e+02
2.334000000000000241e-01 1.350000000000000000e+02
2.334000000000000241e-01 1.540000000000000000e+02
2.348000000000000087e-01 1.880000000000000000e+02
2.348999999999999977e-01 8.600000000000000000e+01
2.352000000000000202e-01 1.720000000000000000e+02
2.353999999999999981e-01 5.900000000000000000e+01
2.381000000000000061e-01 1.810000000000000000e+02
2.382000000000000228e-01 7.900000000000000000e+01
2.387000000000000233e-01 0.000000000000000000e+00
2.399000000000000021e-01 1.170000000000000000e+02
2.400000000000000189e-01 1.820000000000000000e+02
2.403000000000000136e-01 4.700000000000000000e+01
2.403000000000000136e-01 1.980000000000000000e+02
2.408000000000000140e-01 6.000000000000000000e+00
2.408000000000000140e-01 5.000000000000000000e+01
2.418000000000000149e-01 9.000000000000000000e+00
2.423000000000000154e-01 1.150000000000000000e+02
2.426999999999999991e-01 4.100000000000000000e+01
2.428000000000000158e-01 9.700000000000000000e+01
2.431999999999999995e-01 1.900000000000000000e+01
2.433000000000000163e-01 5.200000000000000000e+01
2.433000000000000163e-01 5.800000000000000000e+01
2.459000000000000075e-01 1.790000000000000000e+02
2.465000000000000246e-01 2.500000000000000000e+01
2.465000000000000246e-01 5.400000000000000000e+01
2.465000000000000246e-01 1.030000000000000000e+02
2.466000000000000136e-01 1.120000000000000000e+02
2.466000000000000136e-01 1.510000000000000000e+02
2.466000000000000136e-01 1.640000000000000000e+02
2.472000000000000031e-01 5.000000000000000000e+00
2.472000000000000031e-01 8.100000000000000000e+01
2.472000000000000031e-01 9.600000000000000000e+01
2.472000000000000031e-01 1.910000000000000000e+02
2.475000000000000255e-01 1.370000000000000000e+02
2.475000000000000255e-01 1.580000000000000000e+02
2.476000000000000145e-01 1.600000000000000000e+02
2.477000000000000035e-01 8.800000000000000000e+01
2.477000000000000035e-01 1.090000000000000000e+02
2.489999999999999991e-01 8.700000000000000000e+01
3.703000000000000180e-01 1.500000000000000000e+02
3.713000000000000189e-01 3.300000000000000000e+01
3.727000000000000313e-01 1.890000000000000000e+02
3.734000000000000097e-01 5.500000000000000000e+01
3.734999999999999987e-01 6.600000000000000000e+01
3.737000000000000322e-01 1.950000000000000000e+02
3.739999999999999991e-01 1.200000000000000000e+02
3.748000000000000220e-01 1.310000000000000000e+02
3.751000000000000445e-01 9.900000000000000000e+01
3.775000000000000022e-01 1.440000000000000000e+02
3.778000000000000247e-01 1.400000000000000000e+02
3.778000000000000247e-01 1.500000000000000000e+02
3.789000000000000146e-01 3.300000000000000000e+01
3.793000000000000260e-01 5.500000000000000000e+01
3.817000000000000393e-01 1.890000000000000000e+02
3.820999999999999952e-01 1.160000000000000000e+02
3.824000000000000177e-01 9.900000000000000000e+01
3.832000000000000406e-01 6.600000000000000000e+01
3.834000000000000186e-01 7.200000000000000000e+01
3.835999999999999965e-01 1.310000000000000000e+02
3.853000000000000314e-01 1.200000000000000000e+02
3.857000000000000428e-01 2.000000000000000000e+00
3.860999999999999988e-01 5.500000000000000000e+01
3.867000000000000437e-01 1.500000000000000000e+02
3.867000000000000437e-01 1.950000000000000000e+02
3.869000000000000217e-01 2.300000000000000000e+01
3.877000000000000446e-01 1.400000000000000000e+02
3.880000000000000115e-01 3.300000000000000000e+01
3.886000000000000010e-01 1.740000000000000000e+02
3.893000000000000349e-01 1.900000000000000000e+02
3.899000000000000243e-01 7.100000000000000000e+01
3.911000000000000032e-01 9.900000000000000000e+01
3.916999999999999926e-01 1.160000000000000000e+02
3.916999999999999926e-01 1.440000000000000000e+02
3.916999999999999926e-01 1.890000000000000000e+02
3.926000000000000045e-01 7.800000000000000000e+01
3.926999999999999935e-01 1.660000000000000000e+02
3.933000000000000385e-01 7.200000000000000000e+01
3.941000000000000059e-01 5.500000000000000000e+01
3.945000000000000173e-01 1.310000000000000000e+02
3.956000000000000072e-01 6.600000000000000000e+01
3.975000000000000200e-01 1.740000000000000000e+02
3.981999999999999984e-01 2.000000000000000000e+00
3.995000000000000218e-01 3.300000000000000000e+01
4.004000000000000337e-01 1.400000000000000000e+02
4.007000000000000006e-01 2.300000000000000000e+01
4.010000000000000231e-01 7.100000000000000000e+01
4.019000000000000350e-01 9.900000000000000000e+01
4.020000000000000240e-01 1.900000000000000000e+02
4.037999999999999923e-01 5.500000000000000000e+01
4.039000000000000368e-01 1.160000000000000000e+02
4.051000000000000156e-01 1.950000000000000000e+02
4.056000000000000161e-01 1.890000000000000000e+02
4.069000000000000394e-01 1.740000000000000000e+02
4.072999999999999954e-01 7.200000000000000000e+01
4.090000000000000302e-01 6.600000000000000000e+01
4.090000000000000302e-01 1.310000000000000000e+02
4.102999999999999980e-01 1.660000000000000000e+02
4.122999999999999998e-01 7.800000000000000000e+01
4.128000000000000003e-01 1.440000000000000000e+02
4.150000000000000355e-01 3.300000000000000000e+01
4.157000000000000139e-01 2.000000000000000000e+00
4.159000000000000474e-01 7.100000000000000000e+01
4.162000000000000144e-01 9.900000000000000000e+01
4.163000000000000034e-01 5.500000000000000000e+01
4.182000000000000162e-01 1.400000000000000000e+02
4.197000000000000175e-01 1.740000000000000000e+02
4.198000000000000065e-01 1.900000000000000000e+02
4.200000000000000400e-01 1.550000000000000000e+02
4.208000000000000074e-01 1.160000000000000000e+02
4.210000000000000409e-01 2.300000000000000000e+01
4.259000000000000008e-01 7.200000000000000000e+01
4.260000000000000453e-01 1.890000000000000000e+02
4.309000000000000052e-01 1.310000000000000000e+02
4.333000000000000185e-01 6.600000000000000000e+01
4.337000000000000299e-01 5.500000000000000000e+01
4.376000000000000445e-01 9.900000000000000000e+01
4.377000000000000335e-01 1.740000000000000000e+02
4.387000000000000344e-01 7.100000000000000000e+01
4.389000000000000123e-01 1.950000000000000000e+02
4.394000000000000128e-01 3.300000000000000000e+01
4.411000000000000476e-01 1.660000000000000000e+02
4.416000000000000481e-01 7.800000000000000000e+01
4.463000000000000300e-01 2.000000000000000000e+00
4.492000000000000437e-01 1.160000000000000000e+02
4.498000000000000331e-01 1.400000000000000000e+02
4.514000000000000234e-01 1.900000000000000000e+02
4.529000000000000248e-01 1.890000000000000000e+02
4.543000000000000371e-01 7.200000000000000000e+01
4.601000000000000090e-01 1.440000000000000000e+02
4.604000000000000314e-01 1.550000000000000000e+02
4.636000000000000121e-01 2.300000000000000000e+01
4.639000000000000346e-01 5.500000000000000000e+01
4.672000000000000042e-01 1.740000000000000000e+02
4.843000000000000083e-01 1.310000000000000000e+02
4.857000000000000206e-01 6.600000000000000000e+01
4.868999999999999995e-01 9.900000000000000000e+01
5.019000000000000128e-01 7.100000000000000000e+01
5.235000000000000764e-01 1.740000000000000000e+02
5.292000000000000037e-01 1.550000000000000000e+02
5.442000000000000171e-01 7.200000000000000000e+01
5.660000000000000586e-01 1.610000000000000000e+02
5.668000000000000815e-01 1.130000000000000000e+02
5.685000000000000053e-01 4.000000000000000000e+01
5.691000000000000503e-01 9.000000000000000000e+00
5.691000000000000503e-01 1.680000000000000000e+02
5.710000000000000631e-01 1.500000000000000000e+02
5.714000000000000190e-01 1.200000000000000000e+02
5.725999999999999979e-01 9.400000000000000000e+01
5.727999999999999758e-01 1.280000000000000000e+02
5.729000000000000759e-01 1.820000000000000000e+02
5.735999999999999988e-01 1.500000000000000000e+02
5.737999999999999767e-01 6.400000000000000000e+01
5.739000000000000767e-01 1.200000000000000000e+02
5.751000000000000556e-01 9.400000000000000000e+01
5.761000000000000565e-01 1.500000000000000000e+02
5.765000000000000124e-01 1.200000000000000000e+02
5.776999999999999913e-01 9.400000000000000000e+01
5.786999999999999922e-01 1.500000000000000000e+02
5.790000000000000702e-01 1.200000000000000000e+02
5.812000000000000499e-01 1.500000000000000000e+02
5.816000000000000059e-01 1.200000000000000000e+02
5.820000000000000728e-01 4.100000000000000000e+01
5.820000000000000728e-01 8.000000000000000000e+01
5.820000000000000728e-01 1.320000000000000000e+02
5.820000000000000728e-01 1.780000000000000000e+02
5.820000000000000728e-01 1.860000000000000000e+02
5.834000000000000297e-01 6.100000000000000000e+01
5.837999999999999856e-01 1.500000000000000000e+02
5.841000000000000636e-01 1.200000000000000000e+02
5.842000000000000526e-01 8.400000000000000000e+01
5.842000000000000526e-01 1.630000000000000000e+02
5.863000000000000433e-01 1.500000000000000000e+02
5.866999999999999993e-01 1.200000000000000000e+02
5.888999999999999790e-01 1.500000000000000000e+02
5.892000000000000570e-01 1.200000000000000000e+02
5.914000000000000368e-01 1.500000000000000000e+02
5.917999999999999927e-01 1.200000000000000000e+02
5.940000000000000835e-01 1.500000000000000000e+02
5.943000000000000504e-01 1.200000000000000000e+02
5.966000000000000192e-01 1.500000000000000000e+02
5.968999999999999861e-01 1.200000000000000000e+02
5.991000000000000769e-01 1.500000000000000000e+02
5.994000000000000439e-01 1.200000000000000000e+02
6.017000000000000126e-01 1.500000000000000000e+02
6.019999999999999796e-01 1.200000000000000000e+02
6.034000000000000474e-01 1.300000000000000000e+01
6.042000000000000703e-01 1.500000000000000000e+02
6.045000000000000373e-01 1.200000000000000000e+02
6.068000000000000060e-01 1.500000000000000000e+02
6.071000000000000840e-01 1.200000000000000000e+02
6.093000000000000638e-01 1.500000000000000000e+02
6.097000000000000197e-01 1.200000000000000000e+02
6.118999999999999995e-01 1.500000000000000000e+02
6.122000000000000774e-01 1.200000000000000000e+02
6.144000000000000572e-01 1.500000000000000000e+02
6.148000000000000131e-01 1.200000000000000000e+02
6.169999999999999929e-01 1.500000000000000000e+02
6.173000000000000709e-01 1.200000000000000000e+02
6.195000000000000506e-01 1.500000000000000000e+02
6.199000000000000066e-01 1.200000000000000000e+02
6.220999999999999863e-01 1.500000000000000000e+02
6.224000000000000643e-01 1.200000000000000000e+02
6.246000000000000441e-01 1.500000000000000000e+02
6.250000000000000000e-01 1.200000000000000000e+02
6.271999999999999797e-01 1.500000000000000000e+02
6.275000000000000577e-01 1.200000000000000000e+02
6.297000000000000375e-01 1.500000000000000000e+02
6.300999999999999934e-01 1.200000000000000000e+02
6.323000000000000842e-01 1.500000000000000000e+02
6.326000000000000512e-01 1.200000000000000000e+02
6.341999999999999860e-01 8.300000000000000000e+01
6.349000000000000199e-01 1.500000000000000000e+02
6.351999999999999869e-01 1.200000000000000000e+02
6.376000000000000556e-01 1.500000000000000000e+02
6.379000000000000226e-01 1.200000000000000000e+02
6.405000000000000693e-01 1.500000000000000000e+02
6.408000000000000362e-01 1.200000000000000000e+02
6.436000000000000609e-01 1.500000000000000000e+02
6.439000000000000279e-01 1.200000000000000000e+02
6.469000000000000306e-01 1.430000000000000000e+02
6.469000000000000306e-01 1.500000000000000000e+02
6.471999999999999975e-01 1.200000000000000000e+02
6.505000000000000782e-01 1.500000000000000000e+02
6.511000000000000121e-01 1.200000000000000000e+02
6.543999999999999817e-01 1.500000000000000000e+02
6.551000000000000156e-01 1.200000000000000000e+02
6.586000000000000743e-01 1.500000000000000000e+02
6.592999999999999972e-01 1.200000000000000000e+02
6.633000000000000007e-01 1.500000000000000000e+02
6.639000000000000457e-01 1.200000000000000000e+02
6.684999999999999831e-01 1.500000000000000000e+02
6.690000000000000391e-01 1.200000000000000000e+02
6.743000000000000105e-01 1.500000000000000000e+02
6.747000000000000774e-01 1.200000000000000000e+02
6.810000000000000497e-01 1.500000000000000000e+02
6.811000000000000387e-01 1.200000000000000000e+02
6.885999999999999899e-01 1.200000000000000000e+02
6.888000000000000789e-01 1.500000000000000000e+02
6.975999999999999979e-01 1.200000000000000000e+02
6.982000000000000428e-01 1.500000000000000000e+02
7.087999999999999856e-01 1.200000000000000000e+02
7.101000000000000645e-01 1.500000000000000000e+02
7.237999999999999989e-01 1.200000000000000000e+02
7.265000000000000346e-01 1.500000000000000000e+02
7.469000000000000083e-01 1.200000000000000000e+02
7.534000000000000696e-01 1.500000000000000000e+02
8.141000000000000458e-01 1.200000000000000000e+02
